0.410356 0.186121 0.200003 0.20352
0.427216 0.181513 0.193121 0.198149
0.384556 0.175188 0.225918 0.214338
0.369422 0.247004 0.197284 0.18629
0.448941 0.180976 0.180288 0.189795
0.405105 0.212873 0.195743 0.186279
0.411671 0.180341 0.186078 0.22191
0.363341 0.204124 0.219123 0.213413
0.395582 0.200472 0.22494 0.179006
0.387339 0.199543 0.191645 0.221473
0.376703 0.211179 0.200451 0.211668
0.412981 0.218102 0.195909 0.173008
0.391997 0.204909 0.220526 0.182567
0.3679 0.231417 0.199459 0.201223
0.391836 0.220137 0.214736 0.173291
0.378451 0.210819 0.210714 0.200016
0.383178 0.190796 0.24318 0.182846
0.411125 0.195731 0.207458 0.185686
0.406884 0.210479 0.211305 0.171332
0.399305 0.206232 0.218817 0.174009 0.00163611
0.422052 0.190202 0.187469 0.200274 2.7543e-06 2.55688e-09
0.398859 0.226303 0.173216 0.201622
0.402213 0.198416 0.179253 0.220117
0.371986 0.241776 0.211163 0.175075
0.416835 0.208176 0.15681 0.218179
0.387445 0.193526 0.218246 0.200783
0.38542 0.212574 0.188167 0.213838
0.388238 0.197598 0.212721 0.201443
0.359554 0.237368 0.196665 0.206414
0.357083 0.206109 0.213225 0.223583
0.410748 0.199914 0.210852 0.178486
0.373312 0.196431 0.200541 0.229715
0.427884 0.225034 0.181712 0.16537
0.397397 0.210322 0.202872 0.189409
0.405722 0.224815 0.170855 0.198609
0.370361 0.225132 0.196152 0.208205 0.000150521
0.393201 0.219506 0.203423 0.180646 0.00125149 0.0019721
0.399513 0.205578 0.168696 0.226213
0.374105 0.182893 0.2312 0.211802
0.41918 0.186713 0.217145 0.176961
0.403091 0.18423 0.198677 0.214002
0.370206 0.205934 0.189287 0.234573
0.376904 0.179964 0.217309 0.225822
0.388845 0.197168 0.187543 0.226445
0.430628 0.1896 0.1934 0.186372
0.385075 0.187924 0.177061 0.24994
0.386277 0.220482 0.166127 0.227114
0.378612 0.190022 0.232161 0.199205
0.37211 0.176846 0.222251 0.228793
0.362629 0.194469 0.242763 0.200139
0.390993 0.22156 0.169506 0.217941
0.40612 0.191315 0.186977 0.215588
0.391124 0.186365 0.193274 0.229237
0.39176 0.180413 0.239069 0.188758
0.379329 0.211191 0.20816 0.20132
0.444091 0.176539 0.201819 0.177551
0.44606 0.203126 0.178648 0.172166
0.418776 0.200945 0.1745 0.205779
0.388073 0.224869 0.204364 0.182694
0.41534 0.231479 0.191967 0.161215
0.443987 0.173317 0.198393 0.184302
0.417302 0.203783 0.181313 0.196638 0.000963777 1.10131e-06
0.365459 0.211099 0.217399 0.206043
0.399101 0.198327 0.204021 0.198552
0.389229 0.218247 0.217487 0.175037
0.378921 0.189748 0.19601 0.235321
0.362476 0.218909 0.218434 0.199827 0.000354727
0.389252 0.220182 0.206312 0.184253
0.409252 0.189367 0.190632 0.210749
0.405255 0.182469 0.187366 0.224909
0.394528 0.222893 0.204932 0.177647
0.391299 0.205307 0.205176 0.198218
0.375532 0.223773 0.197007 0.203687
0.438504 0.185436 0.20316 0.172899
0.39596 0.168361 0.21355 0.222129
0.391145 0.21253 0.200225 0.1961
0.375676 0.205213 0.210096 0.209015
0.464993 0.164976 0.184341 0.18569
0.408842 0.17788 0.191169 0.222108
0.404659 0.193515 0.203656 0.198171
0.439014 0.209434 0.176157 0.175395
0.395944 0.199372 0.225586 0.179098
0.383891 0.205492 0.181117 0.2295
0.44424 0.190663 0.167472 0.197625
0.395801 0.199445 0.197128 0.207625
0.392164 0.196684 0.194631 0.216521
0.418293 0.200423 0.194998 0.186286
0.399943 0.191501 0.201848 0.206708
0.390988 0.211566 0.179399 0.218047
0.417499 0.19152 0.188633 0.202347
0.381856 0.213484 0.189926 0.214734
0.39518 0.190557 0.204748 0.209515
0.397743 0.210152 0.188596 0.203509
0.396728 0.187289 0.222556 0.193427
0.386916 0.204043 0.220563 0.188477
0.421515 0.194187 0.170894 0.213403
0.440721 0.175615 0.194559 0.189106
0.381453 0.210387 0.192562 0.215598
0.392626 0.182815 0.206904 0.217655
0.384644 0.217929 0.199704 0.197723
